 Banaszak Lolita            *Panienka* Thu, 16/Dec/2014  BPHKPLPKXXX   PL61123400110011000012300678 0123456789
--------------------------------------------------------------------------------------------------------------
 1 10 23 30 38   2 4 
 9 24 26 33 40   2 6
 8 14 26 33 47   4 9
 7 12 15 16 30   1 2
 6 14 20 27 28   1 7

 Fajfus Tadeusz             *Facet*    Sat,  6/Dec/2014
--------------------------------------------------------
 7 13 21 37 41 43
 3  6 23 40 41 43
 6 17 23 24 35 44
15 30 33 34 37 38
 6  7  8 26 34 35
 8 10 15 25 31 34

 Burak Helena               *Panienka* Fri, 28/Nov/2014
--------------------------------------------------------
 2  5 16 18 37 39
 8 10 28 40 43 46
24 25 29 31 34 47

 Pawlik Pamela              *Panienka* Mon, 24/Nov/2014
--------------------------------------------------------
 1  2 15 33 43 45
 9 13 17 21 29 47
10 14 18 27 38 43
 3  5  6 18 24 42

 Mielnus Katarzyna          *Panienka* Thu,  2/Dec/2014
--------------------------------------------------------
10 24 27 31 41 46
12 23 38 42 46 49
 4  5 23 32 39 44
 6  9 10 16 28 43
 4 10 23 27 28 39
 2  8 17 31 36 42
15 17 26 29 32 47

 Piernik Marcin             *Facet*    The,  4/Dec/2014
--------------------------------------------------------
27 29 40 43 44 49
 7 15 32 37 29 42

 Anderson Pamela            *Panienka* The,  1/May/2014
--------------------------------------------------------
17 24 23 29 36 42
14 46 44  9 24  7
26 27 46  3 13  5
23 43 17 44 10  6
37 27 48  8 18  5
45  9  4 24 12 22
21 40 48 47  1 35
 9 48 45 12 46 41

 Lopez Jennifer             *Panienka* Sun, 21/Dec/2014
--------------------------------------------------------
32 14 45 38 37 11
41 16 25 46 34 48
 5 31 21 29 22 11
 4 40 17  6 37 29
 5 31 21 29 22 11
41 16 25 46 34 48

 Krupa Joanna               *Panienka* Wed, 19/Nov/2014
--------------------------------------------------------
32 14 45 38 37 11

 Mucha Anna                 *Panienka* Sun, 12/Oct/2014
--------------------------------------------------------
 9 48 45 12 46 41
21 40 48 47  1 35
45  9  4 24 12 22
37 27 48  8 18  5
23 43 17 44 10  6
26 27 46  3 13  5
14 46 44  9 24  7

 Zeta-Jones Catherine       *Panienka* Sat, 27/Sep/2014
--------------------------------------------------------
17 24 23 29 36 42
48 49  6  7 19 45
16 15 37 44 28 35
49 47 23 46 24 35

 Moore Demi                 *Panienka* Thu,  2/Sep/2014
--------------------------------------------------------
22 44 40 33  7 30
 8  1 31  4 17 28
13 29 38 33  6 19
47 13  3 31 16 36
34 11 20 29 49  6
25  8 44 22 10 26

 Brosnan Pierce             *Facet*    Sat,  9/Aug/2014
--------------------------------------------------------
17 39 40 27 25 18
25 49  4 47 29 16
29  4 12 27 25 16



 ======================================= 
      S T A T I S T I C S 
 ======================================= 
 1: 5   2: 3   3: 5   4: 8   5: 9   6:12   7: 8   8: 9   9: 9  10:10  
11: 5  12: 7  13: 6  14: 7  15: 7  16: 9  17:11  18: 6  19: 2  20: 2  
21: 6  22: 6  23:11  24:12  25: 8  26: 7  27:11  28: 6  29:14  30: 4  
31: 8  32: 5  33: 6  34: 7  35: 6  36: 4  37:10  38: 7  39: 5  40: 9  
41: 7  42: 7  43: 9  44:10  45: 8  46:12  47:10  48:10  49: 7  50: 3

1: 3    2: 6   3: 2   4:7    5:12
6: 6    7:3    8:10   9:13  10:14